 2022    1  126  126  126  126  126  126  126  126  126  126  126 -999          
 2022    2   98   98   98   98   98   98   98   98   98   98   98 -999          
 2022    3   86   86   86   86   86   86   86   86   86   86   86 -999          
 2022    4   31   31   31   31   31   31   31   31   31   31   31 -999          
 2022    5   29   29   29   29   29   29   29   29   29   29   29 -999          
 2022    6 -999 -999 -999 -999 -999 -999 -999 -999 -999 -999 -999 -999          
 2022    7 -999 -999 -999 -999 -999 -999 -999 -999 -999 -999 -999 -999          
 2022    8 -999 -999 -999 -999 -999 -999 -999 -999 -999 -999 -999 -999          
 2022    9 -999 -999 -999 -999 -999 -999 -999 -999 -999 -999 -999 -999          
 2022   10 -999 -999 -999 -999 -999 -999 -999 -999 -999 -999 -999 -999          
 2022   11 -999 -999 -999 -999 -999 -999 -999 -999 -999 -999 -999 -999          
 2022   12 -999 -999 -999 -999 -999 -999 -999 -999 -999 -999 -999 -999          
 2022   13 -999 -999 -999 -999 -999 -999 -999 -999 -999 -999 -999 -999          
 2022   14 -999 -999 -999 -999 -999 -999 -999 -999 -999 -999 -999 -999          
 2022   15 -999 -999 -999 -999 -999 -999 -999 -999 -999 -999 -999 -999          
 2022   16 -999 -999 -999 -999 -999 -999 -999 -999 -999 -999 -999 -999          
 2022   17 -999 -999 -999 -999 -999 -999 -999 -999 -999 -999 -999 -999          
 2022   18 -999 -999 -999 -999 -999 -999 -999 -999 -999 -999 -999 -999          
 2022   19 -999 -999 -999 -999 -999 -999 -999 -999 -999 -999 -999 -999          
 2022   20 -999 -999 -999 -999 -999 -999 -999 -999 -999 -999 -999 -999          
 2022   21 -999 -999 -999 -999 -999 -999 -999 -999 -999 -999 -999 -999          
 2022   22 -999 -999 -999 -999 -999 -999 -999 -999 -999 -999 -999 -999          
 2022   23 -999 -999 -999 -999 -999 -999 -999 -999 -999 -999 -999 -999          
 2022   24 -999 -999 -999 -999 -999 -999 -999 -999 -999 -999 -999 -999          
 2022   25 -999 -999 -999 -999 -999 -999 -999 -999 -999 -999 -999 -999          
 2022   26 -999 -999 -999 -999 -999 -999 -999 -999 -999 -999 -999 -999          
 2022   27 -999 -999 -999 -999 -999 -999 -999 -999 -999 -999 -999 -999          
 2022   28 -999 -999 -999 -999 -999 -999 -999 -999 -999 -999 -999 -999          
 2022   29 -999 -999 -999 -999 -999 -999 -999 -999 -999 -999 -999 -999          
 2022   30 -999 -999 -999 -999 -999 -999 -999 -999 -999 -999 -999 -999          
 2022   31 -999 -999 -999 -999 -999 -999 -999 -999 -999 -999 -999 -999          
